958
959
962
967
967
975
975
987
988
988
1558
1579
1580
1580
1586
1587
1587
1587
1588
1589
1058
1061
1062
1062
1065
1065
1074
1075
1075
1076
2663
2664
2670
2671
2672
2674
2675
2676
2676
2697
1644
1645
1645
1645
1645
1646
1647
1650
1652
1653
1043
1044
1071
1072
1072
1073
1075
1075
1076
1076
1644
1645
1645
1646
1647
1676
1677
1678
1679
1680
1074
1075
1086
1087
1090
1094
1095
1095
1096
1096
1465
1465
1465
1466
1466
1466
1466
1466
1466
1473
969
978
978
979
979
981
981
986
987
990
1263
1264
1265
1266
1274
1275
1284
1284
1285
1285
